0
12
0,0,0,0,1,0,1,0,1,0,1,0
7,11,7,9,7,5,9,9,9,5,7,11
5,9,7,5,7,3,5,7,7,9,5,3

1
14
0,0,0,0,0,0,0,1,1,1,0,1,1,1
7,11,9,5,9,11,7,8,6,8,5,10,6,10
4,8,4,4,8,4,8,4,4,8,8,4,8,8

2
16
0,0,0,0,0,0,0,1,0,1,0,1,1,0,1,1
7,10,9,8,8,11,6,11,10,10,5,10,6,6,5,6
6,8,6,4,8,6,4,6,4,8,6,4,4,8,6,8

3
20
0,0,0,0,0,0,0,1,0,1,0,0,0,0,0,0,1,0,1,0
7,10,9,7,5,14,11,10,6,14,9,3,5,11,2,13,6,3,2,13
7,11,7,1,6,11,6,11,11,11,1,5,2,2,11,3,11,3,11,5

4
24
0,0,0,0,0,0,0,0,1,0,0,0,1,0,2,0,0,0,1,0,2,1,2,2
7,9,5,9,9,7,5,7,6,11,7,11,10,5,7,11,5,9,6,11,7,10,9,9
5,9,5,3,5,3,3,7,4,3,9,5,4,9,5,9,7,7,8,7,7,8,5,7

5
20
0,0,0,0,0,0,0,0,1,0,0,0,0,0,1,0,0,0,1,1
6,10,4,10,6,4,4,10,5,6,4,12,6,12,5,10,12,12,11,11
4,8,4,2,2,10,2,10,3,8,8,2,10,8,9,4,4,10,3,9

6
28
0,0,0,0,0,0,1,0,0,0,1,0,0,0,0,0,0,1,2,0,2,1,3,1,3,1,1,1
7,12,9,9,12,5,8,4,11,3,11,7,5,11,13,4,13,5,10,3,6,13,9,8,7,3,13,3
2,7,2,10,5,3,2,5,9,2,6,10,9,3,2,7,10,6,6,10,6,2,6,10,6,10,10,2

7
28
0,0,1,0,0,0,1,0,2,1,0,1,0,2,2,1,3,1,1,1,2,2,2,2,3,2,3,3
5,11,6,5,5,11,10,5,7,10,11,6,11,9,9,6,8,10,6,10,7,9,7,9,8,7,8,8
4,8,4,0,12,4,4,8,4,8,12,8,0,8,4,0,4,12,12,0,8,12,12,0,8,0,0,12

8
32
0,0,0,0,0,0,1,0,0,0,0,1,0,1,1,1,0,0,0,0,1,0,0,0,0,1,1,2,1,2,1,0
7,11,9,5,11,9,7,11,7,7,5,9,9,9,7,7,3,9,5,7,9,11,13,5,3,9,7,8,5,8,11,13
5,7,5,3,9,7,5,5,3,7,5,7,9,5,7,3,4,3,7,9,9,3,4,9,8,3,9,4,6,8,6,8

9
40
0,0,0,0,0,0,0,0,0,1,0,0,1,0,1,0,0,0,0,1,0,0,1,0,0,0,1,1,2,1,1,1,1,1,2,1,2,1,2,2
8,8,7,9,6,9,7,7,5,7,7,10,9,8,8,9,9,5,11,8,6,11,7,10,6,10,9,7,8,9,8,6,8,6,7,10,9,10,7,9
6,10,8,4,6,0,0,12,12,6,4,6,6,2,4,12,8,0,0,8,10,12,10,2,2,10,10,2,6,2,0,12,12,0,0,0,0,12,12,12

10
32
0,0,0,1,0,0,1,0,1,0,2,0,1,1,3,1,2,1,3,2,3,1,2,2,3,2,3,2,2,3,3,3
6,10,10,6,2,2,2,14,10,6,6,14,10,2,6,14,10,14,10,2,2,6,6,14,6,2,2,14,10,14,14,10
4,8,4,4,4,8,8,4,4,8,4,8,8,4,5,8,8,4,7,8,7,8,8,4,7,4,5,8,4,5,7,5

11
32
0,0,0,1,0,0,1,1,2,0,1,0,0,2,1,2,2,1,3,1,3,3,1,2,3,2,2,3,3,2,3,3
4,12,4,5,4,12,5,11,6,4,11,12,12,10,5,10,6,11,7,5,9,9,11,6,7,10,10,7,9,6,9,7
5,3,7,5,3,9,7,3,7,9,9,5,7,3,9,9,9,5,9,3,9,3,7,5,7,5,7,5,7,3,5,3

12
36
0,0,0,0,0,0,1,0,0,0,0,0,0,0,0,0,0,0,0,0,1,0,1,0,1,2,1,1,2,1,2,2,2,2,3,2
8,6,8,6,8,4,8,10,5,2,4,12,10,2,5,12,3,11,11,14,4,13,3,14,13,8,3,12,3,13,4,13,3,12,8,13
6,3,2,9,10,2,6,9,5,1,10,10,3,11,7,2,6,5,7,11,6,6,1,1,1,6,11,6,11,11,6,1,1,6,6,11

13
36
0,0,0,0,0,0,0,0,0,0,0,0,1,0,2,0,1,0,1,0,2,0,1,0,1,2,1,0,2,0,1,1,2,2,2,2
7,8,6,8,6,9,4,4,4,10,7,4,7,10,7,9,7,12,4,12,4,4,12,12,4,12,9,12,9,12,12,9,4,7,9,12
5,10,10,2,2,5,2,8,6,10,7,10,5,2,5,7,7,10,10,8,10,4,10,6,2,10,7,2,7,4,2,5,2,7,5,2

14
44
0,0,0,0,0,0,0,1,0,0,0,0,1,0,1,0,0,0,1,0,1,0,1,1,2,0,1,1,1,1,1,2,2,2,0,2,0,2,0,3,0,3,0,0
7,8,9,5,7,7,6,6,5,9,6,8,6,9,7,11,9,7,8,10,8,10,8,7,7,11,9,8,9,10,10,8,7,9,2,8,1,9,14,8,14,8,2,15
5,9,7,5,7,1,3,5,7,11,9,3,7,5,9,5,1,11,11,3,5,9,7,3,7,7,9,1,3,7,5,3,5,7,2,9,6,5,2,5,10,7,10,6

15
36
0,0,0,0,0,0,0,0,0,0,0,0,0,0,1,0,1,0,0,0,0,1,0,0,0,0,0,0,1,0,0,0,0,0,0,0
7,8,7,9,9,7,5,9,8,11,5,11,3,9,7,11,9,7,13,5,3,11,3,1,1,11,13,5,5,13,15,3,3,13,13,15
7,3,5,1,5,11,5,11,9,5,7,1,6,7,6,7,6,1,0,1,0,6,2,5,7,11,6,11,6,2,5,12,10,12,10,7

16
40
0,0,0,0,1,0,1,0,2,0,0,1,1,0,0,0,2,0,1,0,1,0,1,3,2,1,2,1,1,2,3,0,1,0,1,2,2,2,3,3
7,9,9,7,8,5,6,9,7,9,11,8,10,7,11,5,9,7,8,5,6,5,6,8,7,8,7,10,6,9,8,11,10,11,10,7,9,9,8,8
5,9,5,3,5,5,5,7,5,3,5,3,5,7,9,7,5,9,7,3,3,9,9,5,3,9,9,9,7,9,9,3,3,7,7,7,7,3,3,7

17
40
0,0,0,0,0,0,0,0,0,1,0,0,1,0,0,0,1,0,1,0,1,0,2,0,0,1,1,0,1,0,1,1,1,2,2,1,2,1,3,1
7,8,5,9,11,7,4,9,7,8,5,5,6,11,1,9,10,9,8,12,6,7,7,15,11,8,4,5,12,11,1,10,6,9,7,10,9,8,8,15
5,0,5,7,9,7,12,5,3,6,3,7,6,7,5,9,8,3,4,12,4,9,5,5,5,8,12,9,12,3,5,6,8,7,7,4,5,0,6,5

18
44
0,0,0,0,0,1,0,0,1,0,0,0,0,1,0,0,1,0,0,0,2,0,1,0,2,1,2,2,0,1,0,1,0,2,3,2,3,2,3,0,3,3,3,0
8,1,6,15,10,7,4,12,9,2,2,15,14,5,16,14,11,14,0,13,8,1,3,3,6,13,10,4,2,1,3,15,13,12,7,14,9,2,5,8,3,11,13,8
6,4,6,8,6,6,6,6,6,2,6,4,6,6,6,2,6,10,6,0,6,8,6,0,6,6,6,6,10,6,12,6,12,6,6,6,6,6,6,1,6,6,6,11

19
52
0,0,0,0,1,0,0,1,1,0,0,1,2,0,2,1,2,1,1,0,1,2,2,1,2,2,2,1,0,2,2,1,2,2,2,2,2,2,2,2,0,2,2,1,3,2,2,3,2,3,2,3
6,10,15,6,6,15,10,14,10,1,1,10,9,1,7,14,5,2,2,15,14,7,9,6,7,11,5,2,1,11,7,2,5,13,9,9,3,11,3,13,15,5,11,14,6,3,13,6,3,10,13,10
4,8,3,8,4,5,4,3,4,9,7,8,5,5,5,5,5,5,7,7,7,3,7,8,7,5,7,9,3,7,9,3,3,5,3,9,7,3,5,3,9,9,9,9,8,3,7,4,9,4,9,8

20
44
0,0,0,0,0,0,0,0,0,0,0,1,0,1,1,0,0,0,1,0,1,0,0,0,1,0,1,0,0,0,1,1,1,1,1,1,2,1,2,1,1,1,1,2
8,8,8,6,8,8,10,6,8,10,8,8,6,10,8,6,4,10,10,6,8,10,12,4,8,12,8,12,10,4,8,6,10,6,6,10,8,4,8,12,6,12,4,8
0,12,10,9,8,2,7,3,4,9,6,1,5,8,3,11,10,5,6,7,5,11,10,8,7,8,9,6,3,6,11,4,4,8,6,10,10,7,8,9,10,7,9,6

21
48
0,0,0,0,0,1,0,0,0,1,1,0,0,1,0,1,2,1,1,1,2,2,1,2,2,1,2,2,3,2,1,3,4,3,2,5,2,3,3,2,3,3,3,3,6,3,7,3
7,9,9,5,8,7,11,5,7,5,8,11,11,7,5,9,7,5,5,11,5,7,9,9,5,11,8,9,8,11,11,5,8,7,11,8,5,7,5,11,9,11,5,9,8,11,8,11
3,9,3,4,6,3,4,6,9,4,6,6,8,9,8,3,3,6,8,4,4,9,9,3,8,8,6,9,6,4,6,4,6,9,6,6,6,3,6,8,9,6,8,3,6,8,6,4

22
48
0,0,0,0,0,0,0,0,0,0,0,1,0,0,1,0,1,0,1,0,0,0,0,0,1,0,0,0,1,0,0,1,0,0,1,0,0,1,1,0,1,1,1,1,2,1,2,1
7,5,7,9,9,3,1,9,3,7,7,7,5,9,3,11,9,1,3,7,13,9,11,3,7,3,13,1,3,13,13,9,15,1,3,15,15,7,9,15,9,13,7,13,8,13,8,13
2,3,4,8,6,2,2,4,4,6,8,2,9,2,2,3,2,4,4,10,2,10,9,8,4,10,4,10,8,10,8,4,8,8,10,10,4,8,8,2,10,8,10,4,3,10,9,2

23
52
0,0,0,0,0,0,0,0,0,0,0,0,0,1,1,0,1,0,0,1,0,0,1,1,1,1,1,0,1,0,1,1,1,0,1,1,2,1,1,1,2,3,2,3,2,1,2,1,3,3,3,1
8,2,3,14,6,5,7,7,9,8,2,11,5,7,5,14,3,9,3,14,8,11,8,7,2,5,9,13,9,10,11,3,6,13,8,8,8,11,10,13,6,8,8,6,10,13,8,14,8,10,8,2
6,5,3,7,6,2,1,11,1,8,7,2,10,1,2,5,3,11,9,5,4,10,6,11,5,10,11,3,1,6,2,9,6,9,4,8,6,10,6,3,6,6,8,6,6,9,4,7,8,6,4,7

24
60
0,0,0,0,0,0,0,0,0,0,1,0,0,0,1,0,0,0,1,0,0,1,1,0,0,0,1,1,0,1,2,1,0,2,2,1,2,2,2,1,1,3,2,2,2,3,3,2,3,3,3,3,3,3,4,4,4,4,5,4
8,7,8,7,7,10,9,8,7,6,8,4,2,9,8,3,9,2,6,13,12,3,8,9,3,14,13,3,14,10,3,13,13,3,7,8,9,13,13,3,13,3,8,8,3,13,3,13,13,8,8,3,13,8,8,13,3,8,8,8
6,0,2,8,4,6,4,10,12,6,5,6,5,8,7,2,0,7,6,2,6,2,1,12,10,5,2,6,7,6,2,6,10,6,6,11,6,2,6,10,10,2,1,11,10,6,6,10,2,11,1,10,10,6,6,6,6,1,6,11

25
52
0,0,0,0,0,0,0,0,1,0,1,0,0,0,0,1,0,0,0,0,1,1,1,0,0,0,1,0,0,0,1,1,2,0,2,1,1,1,2,2,0,0,1,0,0,0,0,0,0,1,1,1
0,2,0,16,2,14,14,0,0,2,2,14,4,16,2,16,12,0,0,4,0,14,2,16,16,16,16,12,14,0,0,16,0,16,16,14,16,0,0,16,4,2,2,12,4,12,2,14,14,2,14,14
0,12,2,0,0,10,12,10,0,10,0,0,0,12,2,12,12,8,12,12,10,12,12,8,10,2,0,0,2,4,12,10,12,4,0,0,2,2,0,12,10,4,2,2,2,10,8,8,4,10,2,10

26
56
0,0,0,0,0,0,0,0,1,0,1,0,1,0,0,0,1,0,2,0,1,0,0,0,0,1,0,2,0,1,1,1,1,0,2,0,1,2,0,1,3,0,1,1,0,1,1,2,2,2,2,3,2,3,3,0
8,6,6,10,8,4,6,12,7,8,7,4,5,10,8,4,5,10,6,10,9,6,8,12,10,9,6,8,4,9,7,11,5,12,8,12,9,6,4,11,7,12,11,7,1,5,11,10,10,6,8,9,10,7,9,15
2,6,4,8,4,4,2,8,3,6,5,2,3,6,8,6,5,4,4,2,3,8,10,6,10,5,10,4,8,7,7,7,7,4,6,10,9,6,10,5,5,2,3,9,6,9,9,4,6,8,8,5,8,7,7,6

27
56
0,0,0,0,0,0,0,0,0,0,0,0,0,0,0,0,0,0,1,0,0,0,1,0,0,1,0,0,1,0,1,0,0,0,0,0,0,0,0,0,0,1,1,0,1,1,1,0,1,0,1,1,1,0,1,1
4,12,4,4,6,14,6,2,2,4,4,12,6,2,2,16,0,10,7,2,4,10,3,2,0,3,6,0,7,14,9,12,14,0,12,16,14,14,12,14,10,13,2,12,14,2,4,16,12,10,14,9,12,16,13,4
2,12,0,12,11,0,1,0,2,10,4,10,3,12,10,1,11,11,2,4,8,9,5,8,9,7,9,3,10,2,10,8,12,1,2,3,4,10,0,8,1,7,2,4,2,10,10,11,10,3,10,2,2,9,5,2

28
60
0,0,0,0,0,0,0,0,0,0,0,0,0,0,0,0,0,0,0,0,1,0,1,0,0,0,0,1,0,1,1,0,1,1,1,1,1,1,2,1,2,1,1,1,1,1,1,1,2,1,2,2,2,1,1,3,1,2,2,2
8,8,10,8,6,12,4,10,14,6,8,6,8,2,0,16,16,8,10,16,8,14,0,14,2,8,0,16,0,8,10,2,8,8,6,12,8,4,6,6,8,10,14,16,0,0,6,2,10,2,8,0,8,10,16,8,14,16,8,8
6,2,6,12,6,6,6,12,6,0,0,12,8,6,6,4,6,10,0,8,6,1,6,11,11,4,8,6,4,12,6,1,8,0,6,6,4,6,6,0,6,12,11,4,8,4,12,1,6,11,0,6,12,0,8,6,1,6,8,4

29
68
0,0,0,0,0,0,0,0,0,0,0,0,1,0,1,1,1,0,1,0,0,0,1,0,1,0,1,0,2,1,1,1,2,0,2,2,1,2,2,1,0,2,3,2,2,2,3,1,3,1,1,2,4,3,1,3,2,3,3,2,3,4,2,5,4,3,5,3
7,8,7,5,8,6,4,9,3,6,9,10,8,4,8,6,6,11,4,10,1,12,10,13,10,1,8,12,7,10,12,6,7,15,9,7,4,9,5,12,15,9,7,11,11,5,5,15,7,1,15,15,6,9,1,9,1,11,1,1,15,8,15,7,10,1,9,15
5,10,7,6,2,9,8,7,6,3,5,9,6,4,9,8,6,6,7,3,1,8,8,6,6,11,3,4,8,4,5,4,6,11,8,4,5,6,7,7,1,4,7,7,5,5,6,11,5,11,1,11,6,7,1,5,1,6,1,11,11,6,1,6,6,11,6,1

30
60
0,0,0,0,0,0,0,0,0,0,0,0,0,0,0,0,1,0,1,0,1,0,0,0,0,1,1,0,1,1,1,1,1,1,2,1,2,1,2,1,2,1,0,2,1,1,1,2,2,2,2,1,3,2,2,2,2,3,3,2
7,8,9,5,6,8,4,11,3,2,10,1,3,5,2,11,8,12,8,13,6,14,14,13,15,6,4,2,3,10,2,10,8,2,2,12,3,14,4,5,6,13,14,8,14,2,14,10,12,5,2,11,5,14,11,13,8,11,8,14
0,2,0,1,3,11,4,11,2,4,3,6,6,11,8,1,0,4,2,2,1,4,11,6,6,3,2,11,4,1,6,3,11,8,7,2,5,11,3,11,2,4,8,1,6,11,8,2,3,11,11,11,11,11,11,5,11,11,11,7

31
64
0,0,0,0,0,0,0,0,0,0,0,0,0,0,1,0,1,0,1,0,1,0,0,0,0,0,1,1,1,0,1,0,2,0,1,1,1,2,1,1,1,2,1,1,1,2,2,1,2,1,2,1,2,1,1,1,1,2,2,1,2,2,2,2
8,10,8,8,6,10,8,12,10,6,12,8,14,4,8,10,10,6,8,4,8,6,4,2,2,12,10,6,8,14,6,0,8,16,8,6,10,6,4,10,4,10,6,2,4,8,6,12,10,2,4,0,4,12,14,12,14,12,2,16,12,14,14,2
6,5,10,4,5,7,8,6,3,7,4,2,5,6,6,9,5,9,8,8,4,3,4,7,5,8,7,5,2,7,3,6,2,6,10,7,9,3,4,3,6,3,9,5,8,10,9,8,9,7,4,6,8,6,7,4,5,8,7,6,4,7,5,5

32
64
0,0,0,0,0,0,1,0,1,0,0,1,0,1,1,0,0,1,0,0,0,1,0,1,1,1,2,1,2,2,1,2,1,2,2,2,1,2,1,2,3,2,3,2,2,3,2,1,3,2,2,3,3,2,3,0,3,0,3,3,1,3,3,1
3,11,5,11,5,5,6,5,10,11,11,2,3,6,10,13,13,6,3,13,3,10,13,2,2,2,1,14,1,7,14,9,6,9,7,15,14,9,10,15,8,1,0,7,1,8,15,14,8,15,9,0,0,7,8,4,0,12,16,16,4,16,16,12
5,3,3,9,11,9,3,5,9,11,5,5,3,5,3,3,5,9,9,11,11,11,9,9,11,3,3,9,5,3,3,9,11,11,9,9,11,3,5,3,3,9,9,11,11,11,11,5,9,5,5,5,3,5,5,7,11,7,9,11,7,3,5,7

33
68
0,0,0,0,0,0,0,0,0,0,0,0,0,0,1,0,1,0,0,0,1,1,0,0,0,0,1,0,1,1,0,0,1,0,0,0,1,1,0,1,1,1,1,1,1,1,1,1,2,1,2,1,2,1,2,1,2,2,1,2,2,2,2,2,2,2,2,2
8,7,7,9,6,6,6,9,4,10,2,10,0,5,8,5,8,3,1,10,6,7,3,12,11,14,4,16,10,7,13,1,2,15,13,11,9,12,15,14,9,3,6,6,10,13,1,13,8,15,7,3,9,10,6,15,10,7,1,3,3,13,9,1,13,15,15,1
6,8,4,8,2,10,6,4,6,10,6,6,6,0,5,12,7,3,2,2,6,9,9,6,12,6,6,6,6,3,3,10,6,2,9,0,3,6,10,6,9,3,11,1,1,3,2,9,6,2,4,9,4,11,6,10,6,8,10,3,9,3,8,2,9,2,10,10

34
76
0,0,0,0,0,0,0,0,0,0,0,0,0,0,0,0,1,0,1,0,1,0,1,0,1,0,1,0,1,0,0,0,0,1,0,2,0,1,0,1,2,3,0,2,0,1,0,1,2,2,0,1,1,2,0,3,0,0,1,1,2,1,1,1,1,2,2,1,1,2,2,2,3,2,3,2
8,8,8,10,8,10,10,6,6,10,12,6,4,12,12,4,8,6,10,12,12,2,4,4,8,14,12,14,14,14,4,2,2,4,0,10,14,10,2,6,8,10,0,8,0,6,16,6,12,6,0,2,10,4,16,6,16,16,14,16,2,0,14,2,16,4,12,0,2,16,14,0,2,16,14,0
2,8,4,11,10,7,5,5,7,1,2,1,2,10,8,4,3,11,6,4,3,1,3,8,9,7,9,5,6,11,10,7,11,9,10,6,1,1,5,1,3,6,4,9,2,11,2,6,9,6,8,6,11,9,4,6,8,10,1,9,6,3,11,1,3,3,3,9,11,9,6,9,6,3,6,3

35
68
0,0,0,0,0,1,0,0,0,0,0,1,0,1,0,0,1,0,0,0,0,0,0,0,0,0,0,0,0,1,0,1,0,0,0,0,1,0,2,0,1,1,2,2,1,1,1,1,1,2,2,2,3,2,3,2,3,1,3,1,2,1,2,2,2,3,2,2
0,16,0,16,2,0,4,0,2,16,0,16,14,16,14,2,0,2,0,4,0,16,7,14,7,12,8,14,9,0,5,2,9,16,11,8,0,12,0,16,16,14,16,0,14,2,16,8,6,16,14,14,16,0,0,2,0,10,16,8,7,8,9,16,2,8,0,16
0,12,2,0,0,0,0,12,2,2,4,12,12,0,0,12,12,10,10,12,8,10,5,10,7,0,3,2,5,2,6,12,7,4,6,9,10,12,0,8,2,0,0,12,12,0,10,6,6,12,12,0,0,2,12,0,0,6,12,4,6,8,6,2,12,6,10,10

36
72
0,0,0,0,0,0,0,0,0,1,0,0,0,0,1,1,1,0,0,1,0,1,1,1,1,1,2,1,2,2,2,1,2,2,1,2,1,1,1,2,2,2,2,2,2,2,2,3,3,3,3,3,3,3,3,3,3,3,3,3,3,3,3,4,4,4,4,4,4,4,4,4
7,8,8,8,7,9,5,8,3,7,1,9,1,11,8,1,5,13,15,8,15,3,7,9,1,9,0,15,2,8,4,8,8,2,11,8,13,8,15,8,12,6,8,14,10,16,14,7,9,5,8,3,11,1,13,8,15,1,15,8,8,3,13,8,4,14,12,2,0,14,2,16
12,8,10,4,2,12,1,6,1,12,2,2,4,1,10,4,1,1,2,8,4,1,2,12,2,2,3,4,5,11,0,6,9,1,1,7,1,4,2,5,0,1,3,1,1,3,5,2,2,1,4,1,1,2,1,6,2,4,4,8,10,6,6,3,0,5,0,5,3,1,1,3

37
72
0,0,0,1,0,1,1,0,0,2,1,0,1,2,1,0,0,1,2,2,2,2,0,1,0,3,3,3,1,0,2,1,3,2,3,4,1,3,2,3,1,3,2,4,3,2,4,2,5,3,5,4,3,3,4,6,5,4,6,5,5,5,6,6,7,6,6,7,7,7,7,7
8,8,6,8,8,5,8,10,10,8,11,6,8,4,5,8,1,11,8,12,8,4,15,1,15,8,8,3,8,1,12,1,3,1,13,8,15,13,8,8,15,8,15,8,1,1,2,15,8,1,3,2,15,15,14,8,13,14,4,8,3,13,12,4,5,12,8,11,8,11,8,5
5,0,5,4,7,4,0,7,5,3,4,7,8,3,8,12,0,8,9,3,0,9,12,0,0,0,2,10,12,12,9,12,2,0,2,1,12,10,12,10,0,12,12,11,0,12,1,0,2,12,2,11,12,0,1,3,2,11,3,10,10,10,3,9,8,9,9,4,4,8,8,4

38
76
0,0,0,0,0,0,0,0,0,0,1,0,0,0,1,0,1,0,0,0,0,1,1,1,1,0,1,0,0,0,0,0,0,1,1,0,0,0,1,0,0,0,1,1,1,1,2,1,2,0,0,2,2,0,1,0,1,0,0,2,2,1,2,1,2,1,1,1,1,2,3,1,3,1,1,1
8,8,8,6,6,10,6,8,4,8,8,4,2,10,8,10,6,6,4,12,2,10,8,6,4,0,8,12,0,12,10,2,4,6,4,0,2,12,10,12,14,14,12,4,2,2,8,10,8,14,4,6,6,14,12,16,14,16,16,8,10,14,10,2,4,0,0,14,12,12,7,16,9,12,16,4
6,10,8,5,7,9,9,4,8,2,9,6,7,7,7,5,8,3,4,8,5,8,5,6,7,6,3,6,10,0,3,11,12,4,5,2,1,4,6,12,11,7,7,12,11,6,8,4,6,1,0,7,5,5,5,2,6,6,10,4,7,1,5,1,6,2,10,11,12,6,6,10,6,0,2,0

39
84
0,0,0,1,0,0,1,0,0,0,1,2,3,2,3,1,0,0,1,0,3,0,1,1,2,2,3,1,2,1,3,1,3,2,3,3,2,3,3,3,1,3,2,2,0,3,0,3,3,3,0,1,3,0,0,1,1,3,2,0,2,1,2,1,2,1,3,1,2,2,3,3,2,3,3,3,2,2,3,3,3,3,3,3
6,10,0,6,0,10,1,6,0,16,1,6,5,2,3,10,0,16,15,16,7,16,10,1,2,10,5,15,10,15,9,15,7,14,9,3,14,11,11,9,6,13,6,14,8,7,8,11,9,5,4,8,7,12,4,1,8,5,2,12,14,12,12,4,2,4,3,12,8,12,8,11,8,13,12,3,4,4,8,13,13,4,4,12
4,8,3,4,5,4,3,8,7,3,5,4,3,3,3,8,9,5,3,7,3,9,4,7,5,8,5,5,4,7,3,9,5,3,5,5,5,3,5,7,8,3,8,7,0,7,12,7,9,7,12,12,9,12,0,9,0,9,7,0,9,12,12,12,9,0,7,0,0,0,0,9,12,5,12,9,12,0,12,7,9,0,12,0

40
76
0,0,0,0,0,0,0,0,1,0,0,0,0,1,0,0,0,0,0,1,1,0,1,0,0,2,0,1,1,1,2,0,3,1,4,0,1,1,0,1,2,1,1,1,1,1,1,3,2,1,3,1,4,2,1,2,3,1,2,1,3,3,4,4,4,2,3,1,4,3,5,4,5,4,5,5
7,9,7,7,5,9,7,11,7,5,9,3,3,7,3,13,13,9,13,3,5,11,7,13,13,7,13,9,9,7,3,3,3,9,2,3,5,13,3,9,7,3,3,11,13,11,13,7,13,3,13,13,14,13,3,9,7,3,3,13,3,9,2,7,9,9,9,13,9,13,6,14,10,7,6,10
5,7,1,7,1,11,11,11,7,11,5,11,9,5,7,11,9,1,7,11,11,1,1,1,5,7,3,1,7,11,11,5,11,11,12,1,1,5,3,5,5,9,7,1,1,11,11,5,11,5,11,9,12,1,1,5,7,3,1,7,1,5,0,7,5,7,7,3,7,1,8,0,4,5,4,8

41
80
0,0,0,0,0,0,0,0,0,0,0,0,0,0,1,0,0,0,0,0,0,0,0,1,1,1,1,0,0,0,1,0,0,1,1,0,0,1,0,0,1,0,1,1,1,1,1,0,1,1,1,1,1,0,1,1,1,1,1,1,1,1,0,0,0,1,1,1,1,1,1,0,1,1,2,1,2,2,2,1
0,16,0,2,0,4,0,2,0,16,14,16,14,16,0,16,2,4,12,14,10,12,16,16,16,16,14,16,14,4,14,12,12,16,2,2,0,16,0,4,0,10,16,0,14,0,14,6,2,0,4,0,2,6,12,12,2,16,0,4,4,12,6,10,6,10,6,4,6,10,6,10,12,6,0,10,0,16,16,10
6,4,4,8,8,8,10,4,2,6,4,8,8,2,8,10,12,4,0,0,0,4,0,4,6,2,4,12,12,0,0,12,8,8,8,0,0,10,12,12,6,12,12,10,12,4,8,12,0,2,0,0,4,0,0,8,12,0,12,8,12,12,4,8,8,12,12,4,4,0,0,4,4,8,4,8,8,4,8,4

42
80
0,0,0,0,0,0,1,0,0,0,1,0,0,0,1,1,1,0,0,0,1,0,2,0,1,0,2,0,1,0,1,0,1,0,1,0,2,0,1,1,0,1,0,2,1,0,1,1,2,2,0,0,2,1,3,0,3,0,1,1,2,0,1,1,2,1,2,2,3,2,3,1,2,2,3,2,2,3,3,3
7,0,5,9,7,7,6,16,9,7,8,5,9,0,6,0,8,16,9,7,8,16,7,5,6,9,7,16,16,7,16,5,6,11,10,0,9,0,0,8,5,8,5,0,6,9,6,16,7,16,11,11,16,0,8,11,16,11,8,10,7,11,10,10,7,10,9,0,8,9,8,10,7,9,8,9,9,0,8,8
5,5,5,7,3,9,5,7,5,1,5,3,3,7,3,6,3,9,9,7,7,5,5,7,7,1,3,3,4,11,6,9,9,7,7,3,7,9,8,9,11,1,1,7,1,11,11,8,7,5,5,9,7,4,7,3,6,11,11,9,9,1,3,11,11,5,9,5,9,5,5,1,1,3,3,1,11,6,11,1

43
84
0,0,0,0,0,0,0,1,1,0,0,1,1,1,0,0,0,1,0,1,2,0,1,1,2,1,2,1,2,2,1,1,2,2,2,1,2,2,2,2,2,2,2,2,3,2,3,2,3,2,3,2,3,3,3,3,3,3,4,4,5,4,4,4,5,4,4,5,4,5,4,4,6,6,6,5,5,6,5,5,5,5,6,6
6,7,10,6,9,7,10,6,7,9,5,6,5,9,11,5,6,11,10,6,7,11,7,10,7,5,5,10,9,7,10,9,11,5,9,11,9,7,9,5,7,11,9,11,5,5,5,11,11,11,11,5,5,11,5,11,5,11,5,11,5,11,5,5,5,11,5,11,11,11,5,11,5,11,5,11,5,11,11,5,11,5,5,11
8,12,8,4,12,0,4,8,11,0,12,4,11,11,12,0,6,11,6,6,10,0,1,4,8,1,10,6,10,6,8,1,10,8,8,1,2,4,6,6,2,8,4,2,10,4,8,6,8,4,6,2,6,4,4,10,2,2,2,10,2,2,10,8,10,8,6,10,4,2,4,6,10,2,2,4,8,10,8,6,6,4,6,6

44
92
0,0,0,1,1,0,0,2,0,1,2,0,1,1,2,1,0,1,2,2,3,2,3,0,3,3,4,2,4,3,5,1,4,1,5,3,4,3,5,2,0,2,1,0,1,3,4,2,4,3,2,3,5,4,6,0,0,0,0,4,3,4,1,4,1,1,1,4,2,2,2,2,3,5,5,5,5,3,5,3,5,3,4,4,4,5,4,5,5,5,6,6
8,2,2,8,3,14,14,8,14,13,4,2,3,2,4,14,8,13,12,12,5,14,8,8,5,11,8,2,6,11,7,8,10,8,9,2,6,14,7,8,0,8,0,16,16,8,10,16,14,16,0,8,9,2,8,0,0,16,16,8,0,8,16,0,0,16,0,16,16,0,16,0,0,8,0,8,2,16,16,16,14,0,0,16,16,16,0,16,0,0,0,16
6,12,6,6,11,0,6,6,12,1,10,0,1,6,2,6,12,11,10,2,9,6,6,0,3,9,6,6,8,3,7,12,8,0,7,6,4,6,5,0,6,12,6,6,6,0,4,6,6,6,6,12,5,6,6,4,8,4,8,12,6,0,4,6,8,8,4,6,4,8,8,4,8,0,6,12,6,4,6,8,6,4,8,4,8,4,4,8,8,4,6,6

45
84
0,0,0,0,0,0,0,0,0,0,0,0,0,1,0,1,0,1,0,1,0,1,0,0,0,0,1,1,2,1,2,0,1,0,1,0,1,2,2,1,2,1,2,0,3,0,2,0,1,1,1,2,3,1,2,3,2,3,2,2,2,3,4,2,3,3,4,2,3,1,4,2,4,4,3,2,4,4,2,3,4,4,3,4
8,8,8,6,6,10,10,12,6,4,4,8,2,8,10,6,12,8,8,10,6,8,4,10,8,2,6,10,8,4,10,0,4,12,6,8,8,8,6,2,4,10,6,14,6,14,8,16,12,12,14,10,8,8,4,6,6,4,2,10,8,8,8,12,10,8,8,12,10,8,8,14,6,10,12,8,6,10,8,8,12,4,8,8
12,8,10,6,10,8,10,8,8,6,8,6,6,8,6,8,6,10,4,6,4,6,4,4,2,4,6,8,8,6,6,4,4,4,4,0,4,6,6,4,4,4,4,6,4,4,4,4,4,6,4,4,6,2,6,6,8,4,4,8,10,8,8,6,6,4,6,4,4,0,4,4,6,4,4,2,4,6,0,2,4,4,0,2

46
88
0,0,0,0,0,0,0,0,0,0,0,0,0,0,0,0,0,0,0,0,0,0,0,0,0,0,0,0,1,1,1,0,0,1,0,1,0,1,1,1,0,1,0,1,0,1,1,1,0,0,1,1,1,1,2,1,2,2,1,2,2,2,2,1,2,1,2,1,2,2,2,2,2,2,2,2,2,3,2,3,2,2,3,3,0,3,2,3
8,4,6,12,10,4,8,8,6,12,8,10,8,14,8,4,4,12,4,2,2,0,0,12,14,16,16,12,8,8,8,12,4,10,0,6,0,6,10,8,16,4,16,12,16,12,8,4,0,0,4,4,4,12,8,12,8,8,8,8,6,8,6,4,10,12,10,12,4,12,12,4,4,12,8,12,4,8,12,8,4,4,8,8,16,8,12,8
0,2,0,2,0,0,2,12,12,0,10,12,4,0,8,12,10,12,8,12,0,12,10,10,12,0,12,4,0,10,12,8,4,0,0,0,2,12,12,8,10,12,8,12,2,0,2,0,8,4,10,8,2,10,2,2,0,12,4,10,12,8,0,4,0,4,12,8,12,10,12,2,0,2,4,0,10,12,8,10,4,8,2,8,4,0,4,4

47
88
0,0,0,0,0,0,0,0,0,0,0,1,1,0,0,1,1,1,1,1,1,1,1,1,1,1,0,2,0,2,0,2,0,2,2,1,2,2,1,2,1,2,2,3,2,2,3,2,3,3,1,3,2,2,3,3,3,3,2,3,4,2,4,3,4,3,4,3,4,3,3,4,3,4,3,4,4,4,4,4,4,4,4,5,5,4,4,6
6,11,12,13,8,10,13,4,10,9,12,11,12,8,6,10,10,13,8,13,6,9,8,4,6,12,3,10,3,13,5,11,1,8,8,3,6,9,5,10,3,13,3,10,12,6,11,12,8,3,1,12,3,4,13,10,6,9,5,13,10,1,8,8,11,5,10,12,12,4,6,13,3,9,1,13,6,3,8,3,12,5,1,4,2,6,4,3
12,8,6,2,11,6,4,11,10,4,0,8,6,2,1,10,6,4,11,2,12,4,2,11,1,0,5,6,7,4,6,8,6,2,11,7,12,4,6,10,5,2,5,6,6,1,8,0,11,5,6,6,7,11,4,10,12,4,6,2,6,6,11,2,8,6,10,0,6,11,1,4,7,4,6,2,12,5,2,7,0,6,6,6,6,1,11,6

48
92
0,0,0,0,1,0,1,0,1,1,1,1,1,0,1,1,1,1,2,0,1,1,2,1,1,1,2,1,3,1,3,1,3,1,3,1,3,1,2,1,3,3,1,3,1,3,1,3,2,1,1,1,1,2,3,3,3,1,2,3,3,3,3,3,1,3,2,3,3,3,3,3,4,3,3,4,3,4,3,3,4,3,4,5,3,5,4,3,4,5,5,4
6,10,6,14,7,10,9,2,7,7,5,9,11,2,5,7,5,9,6,14,11,5,10,3,3,9,6,11,9,1,9,1,7,3,7,3,7,1,2,1,5,11,13,11,13,5,11,3,2,15,13,13,15,10,9,5,7,15,14,3,13,3,5,11,15,1,14,13,9,15,13,3,6,11,15,10,13,10,1,1,6,1,2,7,15,9,14,15,14,9,7,2
4,8,8,4,5,4,5,4,3,7,5,3,5,8,7,9,3,7,4,8,3,9,4,3,5,9,8,7,5,3,3,5,5,7,3,9,7,7,4,9,3,5,3,3,5,5,9,3,8,3,7,9,7,8,7,9,9,5,4,5,3,9,7,7,9,3,8,5,9,5,7,7,4,9,3,4,9,8,5,7,8,9,4,5,7,7,4,9,8,5,7,8

49
100
0,0,0,0,0,0,0,0,0,0,1,0,0,0,1,0,0,1,0,0,0,0,1,0,0,0,0,0,0,0,1,0,0,1,0,0,1,1,1,1,2,1,1,2,1,1,1,1,1,1,1,1,1,1,2,1,2,1,2,1,2,1,2,1,1,2,1,2,2,2,1,2,2,2,2,3,2,2,3,2,3,3,3,3,2,3,2,2,2,2,2,3,2,2,3,2,3,2,2,2
7,9,7,11,9,7,9,7,9,9,7,11,5,9,9,7,7,7,7,11,13,9,9,5,5,11,13,5,11,5,7,3,13,9,3,3,5,9,7,11,9,7,5,9,11,7,5,9,9,9,11,7,5,11,7,13,9,5,7,11,7,3,5,13,3,11,13,11,5,11,3,5,13,9,7,7,9,7,9,3,7,9,9,7,7,5,9,5,11,9,7,11,11,5,8,13,8,3,13,3
2,8,6,8,10,4,0,12,12,2,6,12,12,6,6,10,8,2,0,6,6,4,4,4,6,0,0,0,4,8,4,0,12,8,12,6,4,10,12,6,6,8,6,4,4,0,0,2,0,12,12,10,12,8,6,12,8,8,8,0,4,12,6,6,6,4,0,6,4,8,0,8,6,10,2,6,2,10,6,6,8,4,8,4,0,6,0,0,0,12,12,6,12,12,10,0,2,12,12,0
